X <- c(1,2,3,4)
Y <- c(5,6,7,8)
X+Y